+7 (916) 123-45-67
7925 987-65-43
+7903 456 78 90
7 (999) 111 22 33
+7800 555-35-35
7 (495) 777 88 99
+7 812 333-44-55
7343 666 77 88
+7 (383) 222-33-44
7846 444 55 66
+7861 888-99-00
7 (863) 777 11 22
+7 (865) 999-88-77
7818 333 66 99
+7 831 222-11-44
7401 555 44 33
+7472 777-66-55
7 (473) 888 44 22
+7 (484) 111-33-77
7485 666 22 88
+7910 123-45-67
7 (911) 987 65 43
+7 912 456-78-90
7913 111 22 33
+7914 555 35 35
7 915 777-88-99
+7 (916) 333 44 55
7917 666-77-88
+7 918 222 33 44
7 (919) 444-55-66
+7920 123 45 67
